Order: 	SIDRA-353203-SHLAV-2-07.07.2025.Dsp	Date:  Thursday, July 10, 2025 08:39:43
Programmer:
Total number of sheets: 	207	Total Number of SubNests: 	34
Total Placed Parts: 	5258	Total ordered parts: 	5258
Notes:
  Sub Nests in Order:
--------------------------------------------------------------------------------------------------------------------------
|Num     |Size X (mm   ) |Size Y (mm   )  |Material  |Thk (mm   )|Qty    |Tube Dia   |T. Width  |T. Height |T. Legth
--------------------------------------------------------------------------------------------------------------------------
|1, 1    |2500           |1250            |ST 37-2   |4          |2      |0        |0     |0      |2500
|1, 2    |2500           |1250            |ST 37-2   |4          |1      |0        |0     |0      |2500
|2, 1    |2500           |1250            |ST 37-2   |5          |2      |0        |0     |0      |2500
|2, 2    |780            |1250            |ST 37-2   |5          |1      |0        |0     |0      |780
|3, 1    |760            |1250            |ST 37-2   |6          |1      |0        |0     |0      |760
|4, 1    |680            |1250            |ST 37-2   |8          |1      |0        |0     |0      |680
|5, 1    |450            |1250            |SS 1.4003 |1          |1      |0        |0     |0      |450
|6, 1    |2500           |1250            |SS 1.4003 |1.2        |5      |0        |0     |0      |2500
|6, 2    |2500           |1250            |SS 1.4003 |1.2        |1      |0        |0     |0      |2500
|6, 3    |2500           |1250            |SS 1.4003 |1.2        |1      |0        |0     |0      |2500
|7, 1    |3000           |1500            |SS 1.4003 |1.5        |7      |0        |0     |0      |3000
|7, 2    |3000           |1500            |SS 1.4003 |1.5        |1      |0        |0     |0      |3000
|7, 3    |3000           |1500            |SS 1.4003 |1.5        |1      |0        |0     |0      |3000
|8, 1    |3000           |1500            |SS 1.4003 |2          |1      |0        |0     |0      |3000
|8, 2    |1220           |1500            |SS 1.4003 |2          |1      |0        |0     |0      |1220
|9, 1    |3000           |1500            |SS 1.4003 |3          |2      |0        |0     |0      |3000
|9, 2    |3000           |1500            |SS 1.4003 |3          |1      |0        |0     |0      |3000
|10, 1   |3000           |1500            |AA 5052-H32|1.5        |2      |0        |0     |0      |3000
|10, 2   |3000           |1500            |AA 5052-H32|1.5        |1      |0        |0     |0      |3000
|11, 1   |2500           |1250            |AA 5052-H32|3          |22     |0        |0     |0      |2500
|11, 2   |2500           |1250            |AA 5052-H32|3          |11     |0        |0     |0      |2500
|11, 3   |3000           |1500            |AA 5052-H32|3          |11     |0        |0     |0      |3000
|11, 4   |3000           |1500            |AA 5052-H32|3          |22     |0        |0     |0      |3000
|11, 5   |3000           |1500            |AA 5052-H32|3          |22     |0        |0     |0      |3000
|11, 6   |3250           |1250            |AA 5052-H32|3          |22     |0        |0     |0      |3250
|11, 7   |3250           |1250            |AA 5052-H32|3          |22     |0        |0     |0      |3250
|11, 8   |4000           |1250            |AA 5052-H32|3          |22     |0        |0     |0      |4000
|12, 1   |250            |1300            |SS 304    |4          |1      |0        |0     |0      |250
|13, 1   |3000           |1500            |SAE 4130  |6          |1      |0        |0     |0      |3000
|14, 1   |3000           |1500            |AA 5052-H32|2          |3      |0        |0     |0      |3000
|14, 2   |1310           |1500            |AA 5052-H32|2          |1      |0        |0     |0      |1310
|15, 1   |3000           |1500            |AA 5052-H32|4          |11     |0        |0     |0      |3000
|15, 2   |3000           |1500            |AA 5052-H32|4          |2      |0        |0     |0      |3000
|15, 3   |1600           |1050            |AA 5052-H32|4          |1      |0        |0     |0      |1600
--------------------------------------------------------------------------------------------------------------------------

Material data:
-----------------------------------------------------------------
|Material     |Thickness  |SizeX     |SizeY     |Number of sheets
-----------------------------------------------------------------
|ST 37-2      |4          |2500      |1250      |3
|ST 37-2      |5          |2500      |1250      |2
|ST 37-2      |5          |780       |1250      |1
|ST 37-2      |6          |760       |1250      |1
|ST 37-2      |8          |680       |1250      |1
|SS 1.4003    |1          |450       |1250      |1
|SS 1.4003    |1.2        |2500      |1250      |7
|SS 1.4003    |1.5        |3000      |1500      |9
|SS 1.4003    |2          |3000      |1500      |1
|SS 1.4003    |2          |1220      |1500      |1
|SS 1.4003    |3          |3000      |1500      |3
|AA 5052-H32  |1.5        |3000      |1500      |3
|AA 5052-H32  |3          |2500      |1250      |33
|AA 5052-H32  |3          |3000      |1500      |55
|AA 5052-H32  |3          |3250      |1250      |44
|AA 5052-H32  |3          |4000      |1250      |22
|SS 304       |4          |250       |1300      |1
|SAE 4130     |6          |3000      |1500      |1
|AA 5052-H32  |2          |3000      |1500      |3
|AA 5052-H32  |2          |1310      |1500      |1
|AA 5052-H32  |4          |3000      |1500      |13
|AA 5052-H32  |4          |1600      |1050      |1
-----------------------------------------------------------------
